1000
0.029267
0.577349
0.514054
0.794763
0.679739
0.344951
0.384564
0.672994
0.546312
0.329264
0.415754
0.417982
0.422468
0.486404
0.230049
0.190313
0.243049
0.262307
0.238044
0.012513
0.677206
0.939207
0.224616
0.136021
0.652852
0.186743
0.319681
0.253548
0.344218
0.225074
0.135044
0.213660
0.653340
0.504776
0.348613
0.393445
0.717002
0.311258
0.516861
0.385662
0.470412
0.198767
0.397259
0.156468
0.798669
0.661122
0.561815
0.330424
0.307230
0.944609
0.582568
0.758202
0.243233
0.410016
0.570849
0.024293
0.597919
0.349834
0.351177
0.050050
0.922300
0.666219
0.051363
0.448714
0.886685
0.317179
0.389630
0.788873
0.116031
0.936369
0.440321
0.422040
0.331553
0.532670
0.159490
0.031343
0.330119
0.676565
0.451430
0.556749
0.833369
0.078829
0.057436
0.653768
0.736625
0.968047
0.048158
0.341441
0.789727
0.173193
0.200629
0.996277
0.240699
0.317820
0.041292
0.347789
0.473739
0.031404
0.836543
0.632588
0.172063
0.584765
0.311441
0.562670
0.038118
0.855586
0.378430
0.264534
0.601123
0.030061
0.656941
0.845180
0.143956
0.947539
0.065310
0.741417
0.280587
0.493301
0.266274
0.508530
0.214759
0.947142
0.247139
0.204688
0.211890
0.692892
0.815973
0.027314
0.315104
0.195532
0.295053
0.357524
0.836451
0.652242
0.192999
0.869350
0.654836
0.223426
0.136387
0.859188
0.852138
0.250221
0.842647
0.452742
0.717856
0.364422
0.414960
0.844661
0.654775
0.897214
0.741050
0.228004
0.015870
0.493210
0.276162
0.569201
0.404401
0.335582
0.992859
0.885006
0.467696
0.888913
0.777154
0.177770
0.716819
0.565752
0.053957
0.685049
0.402661
0.223365
0.921903
0.599750
0.979888
0.896847
0.579119
0.917814
0.189917
0.674429
0.321512
0.568255
0.294870
0.122379
0.894528
0.483474
0.492203
0.164129
0.479354
0.764763
0.043092
0.821345
0.095584
0.599811
0.144627
0.722129
0.701010
0.088687
0.077151
0.783593
0.769585
0.634022
0.658803
0.973846
0.629719
0.051881
0.537309
0.560900
0.343150
0.059908
0.351543
0.753838
0.406323
0.298135
0.292978
0.142705
0.055116
0.539872
0.098972
0.844050
0.454543
0.247719
0.009095
0.756828
0.554186
0.131932
0.715293
0.837062
0.891140
0.866909
0.837611
0.795221
0.121342
0.621845
0.956664
0.124454
0.560839
0.562548
0.733696
0.864834
0.517808
0.979949
0.150182
0.010041
0.696921
0.201605
0.397382
0.963378
0.457472
0.943327
0.447859
0.948119
0.205939
0.255593
0.839778
0.780053
0.704764
0.722861
0.705344
0.906766
0.578173
0.070223
0.574602
0.121403
0.797021
0.835261
0.985961
0.856166
0.422620
0.259896
0.434523
0.462111
0.392376
0.059908
0.689596
0.381817
0.627186
0.227119
0.012574
0.620624
0.242439
0.521195
0.306589
0.422956
0.143956
0.807245
0.728690
0.560106
0.789758
0.895260
0.796625
0.135594
0.399152
0.037812
0.520768
0.314158
0.390545
0.742271
0.592639
0.881100
0.328501
0.053316
0.161473
0.037568
0.162450
0.963225
0.229774
0.339122
0.037202
0.104373
0.199438
0.182165
0.457137
0.382153
0.599261
0.746330
0.085177
0.702658
0.525681
0.797540
0.957854
0.453108
0.827296
0.259163
0.397290
0.890072
0.565020
0.956755
0.402203
0.092135
0.778924
0.442640
0.798334
0.633534
0.092532
0.307352
0.929838
0.634388
0.187017
0.883206
0.173284
0.344432
0.674947
0.746910
0.054903
0.916105
0.406232
0.927244
0.252571
0.523118
0.736900
0.223945
0.263985
0.481582
0.791742
0.544328
0.022004
0.528489
0.252571
0.663656
0.238502
0.915433
0.703207
0.315500
0.758080
0.472427
0.061983
0.018647
0.702567
0.299264
0.133824
0.546464
0.688070
0.239479
0.812403
0.444929
0.895444
0.794153
0.964080
0.505997
0.275246
0.631245
0.524674
0.602313
0.669362
0.347148
0.840571
0.789178
0.129032
0.636006
0.784845
0.080599
0.212165
0.523850
0.680258
0.805567
0.540025
0.823237
0.560259
0.950163
0.394910
0.464980
0.798944
0.392682
0.640339
0.863033
0.641346
0.437574
0.744499
0.968719
0.665548
0.554155
0.188635
0.170782
0.707633
0.726829
0.041353
0.697531
0.280709
0.323008
0.980346
0.676748
0.019410
0.884671
0.542222
0.510453
0.180944
0.749992
0.882748
0.720298
0.734123
0.911557
0.827509
0.919797
0.067385
0.016785
0.495224
0.069765
0.847591
0.917570
0.274270
0.673421
0.059755
0.674459
0.434370
0.066805
0.760613
0.422926
0.153722
0.461684
0.575274
0.006439
0.244118
0.896023
0.470290
0.784020
0.353832
0.749504
0.832545
0.517197
0.930967
0.979339
0.386486
0.744011
0.727134
0.733299
0.980438
0.545061
0.124027
0.495743
0.773125
0.108676
0.063143
0.423170
0.852077
0.000946
0.860347
0.025605
0.814692
0.547288
0.686361
0.849788
0.343638
0.231391
0.994873
0.320475
0.307596
0.518204
0.678610
0.396496
0.418439
0.006806
0.235694
0.197272
0.976653
0.319773
0.726798
0.256355
0.735557
0.634938
0.804376
0.558153
0.416272
0.266091
0.595721
0.014100
0.904019
0.198920
0.720695
0.534745
0.657247
0.987884
0.225410
0.353313
0.361461
0.920865
0.713248
0.757958
0.357768
0.857967
0.454176
0.888241
0.878353
0.649770
0.754295
0.752312
0.620014
0.542436
0.365856
0.121006
0.686544
0.475112
0.220038
0.455489
0.431593
0.676229
0.262825
0.523667
0.233375
0.464919
0.675863
0.863002
0.731895
0.663839
0.263375
0.744957
0.560625
0.529252
0.286264
0.797601
0.103427
0.605304
0.524613
0.942747
0.308237
0.408216
0.850215
0.803797
0.088382
0.346812
0.089877
0.240638
0.343394
0.785577
0.461196
0.167486
0.129856
0.656606
0.361614
0.310404
0.014283
0.526719
0.792474
0.060427
0.138462
0.525651
0.198889
0.078677
0.029237
0.042116
0.007111
0.809748
0.683554
0.593493
0.640126
0.559221
0.960295
0.775597
0.293222
0.292459
0.809717
0.698996
0.250618
0.809809
0.372356
0.817560
0.024110
0.455153
0.478133
0.556200
0.095462
0.014252
0.577105
0.643330
0.543443
0.958342
0.633106
0.554979
0.336894
0.689718
0.011689
0.976348
0.575274
0.946013
0.893307
0.687002
0.457198
0.018250
0.242927
0.776513
0.259407
0.940245
0.868221
0.596240
0.106174
0.304270
0.595965
0.353526
0.811426
0.860744
0.099673
0.755058
0.573992
0.556413
0.408307
0.605029
0.807886
0.169225
0.628101
0.764794
0.888607
0.194464
0.908658
0.379986
0.096408
0.139195
0.183996
0.781579
0.538621
0.881588
0.720908
0.966918
0.331004
0.250252
0.004364
0.067141
0.820856
0.481216
0.992981
0.707205
0.131932
0.707663
0.274026
0.664632
0.813044
0.139164
0.150731
0.733421
0.871242
0.086978
0.192114
0.199255
0.971404
0.490646
0.276955
0.832423
0.082553
0.103519
0.663442
0.804254
0.353343
0.992248
0.115116
0.433943
0.496536
0.506974
0.614948
0.171514
0.465194
0.378918
0.698386
0.723563
0.700766
0.100681
0.937010
0.727500
0.734764
0.246254
0.603534
0.881191
0.425153
0.886593
0.049959
0.933836
0.608966
0.757256
0.829798
0.444258
0.451888
0.334300
0.095462
0.713279
0.276620
0.474441
0.302774
0.796014
0.150761
0.776055
0.752861
0.000427
0.015992
0.316965
0.003449
0.778832
0.639241
0.925871
0.680624
0.417524
0.167486
0.642537
0.721946
0.432447
0.567492
0.524369
0.582781
0.075167
0.731254
0.454451
0.436476
0.857295
0.528886
0.108127
0.900266
0.498123
0.589984
0.733787
0.317331
0.202734
0.094760
0.904416
0.127384
0.676199
0.356334
0.896207
0.355693
0.780450
0.474899
0.850337
0.753197
0.239875
0.845882
0.374126
0.617603
0.302408
0.802454
0.737846
0.827906
0.761254
0.174444
0.323710
0.122715
0.244636
0.044221
0.482894
0.154210
0.179571
0.481094
0.456984
0.348521
0.335093
0.535783
0.520218
0.103977
0.352367
0.275491
0.998688
0.358898
0.167119
0.141636
0.322642
0.059236
0.730949
0.410749
0.768426
0.558275
0.937712
0.040407
0.045839
0.478896
0.161229
0.680990
0.387738
0.070345
0.310678
0.134892
0.297708
0.590045
0.809656
0.044038
0.612079
0.742241
0.405225
0.087344
0.032899
0.704398
0.213782
0.469069
0.787744
0.773034
0.908902
0.979553
0.572527
0.159551
0.458296
0.409284
0.434095
0.968047
0.316019
0.598010
0.748405
0.885708
0.475570
0.899564
0.950530
0.617542
0.290994
0.344096
0.172887
0.596637
0.471541
0.279000
0.448317
0.000641
0.156499
0.769219
0.633168
0.606586
0.476485
0.538835
0.707968
0.514359
0.506943
0.734947
0.610950
0.271187
0.020844
0.294809
0.261025
0.427259
0.946440
0.198157
0.926847
0.054323
0.935972
0.385052
0.597186
0.258644
0.952422
0.621326
0.510086
0.219153
0.279763
0.092502
0.496231
0.782311
0.863643
0.007416
0.292917
0.144749
0.387799
0.992889
0.485214
0.655416
0.993744
0.560411
0.230110
0.267434
0.048708
0.426984
0.420362
0.672506
0.869228
0.970031
0.443678
0.647206
0.805322
0.598682
0.194220
0.644337
0.593005
0.322245
0.492141
0.159001
0.380108
0.297281
0.567583
0.901822
0.332499
0.634297
0.765313
0.309458
0.226264
0.245460
0.126499
0.424909
0.933012
0.014771
0.003571
0.677847
0.203284
0.071627
0.364483
0.596545
0.655934
0.448988
0.942747
0.982910
0.377850
0.907865
0.889370
0.581439
0.042146
0.208838
0.083193
0.773919
0.949583
0.612354
0.755394
0.330149
0.900266
0.888302
0.584765
0.747368
0.301737
0.617176
0.920225
0.207923
0.419691
0.063173
0.286050
0.688192
0.177190
0.400891
0.827052
0.248482
0.409314
0.576708
0.849055
0.036225
0.979034
0.586291
0.111545
0.033113
0.660482
0.449355
0.028565
0.077700
0.196356
0.662893
0.433912
0.194525
0.435286
0.414197
0.066988
0.761467
0.955260
0.334788
0.435926
0.545671
0.080050
0.076876
0.213507
0.140477
0.694296
0.493118
0.822962
0.833674
0.763451
0.701071
0.368908
0.438398
0.965484
0.813898
0.570971
0.118809
0.339763
0.618213
0.854946
0.740623
0.360027
0.980499
0.001759
100000
